{
 "cells": [
  {
   "cell_type": "markdown",
   "metadata": {},
   "source": [
    "# SGA-PMX Demo\n",
    "\n",
    "Skrypt przedstawia przykładową implementację algorytmu Simple Genetic Algorithm (SGA) z operatorem PMX i jego zastosowanie do rozwiązywania problemu komiwojażera (ang. Travelling Salesman Problem, TSP). Popularne instancje problemu TSP można znaleźć w bibliotece TSPLib [1]. Skrypt skupia się na rozwiązywaniu instancji BERLIN52, w celu rozwiązywania innych instancji może okazać się konieczna zmiana ustawień parametrów algorytmu, a może też i operatorów ewolucyjnych.\n",
    "\n",
    "Literatura:\n",
    "\n",
    "[1] TSPLIB, http://comopt.ifi.uni-heidelberg.de/software/TSPLIB95/"
   ]
  },
  {
   "cell_type": "code",
   "execution_count": 1,
   "metadata": {
    "collapsed": true
   },
   "outputs": [],
   "source": [
    "import numpy as np\n",
    "import matplotlib.pyplot as plt\n",
    "import time\n",
    "\n",
    "from L2.sga import SGA\n",
    "from L2.mutation import reverse_sequence_mutation, transposition_mutation\n",
    "from L2.replacement import mu_plus_lambda_replacement\n",
    "from L2.genetic_operator import pmx\n",
    "\n",
    "%matplotlib inline"
   ]
  },
  {
   "cell_type": "markdown",
   "metadata": {},
   "source": [
    "## Input data"
   ]
  },
  {
   "cell_type": "code",
   "execution_count": 2,
   "metadata": {},
   "outputs": [
    {
     "name": "stdout",
     "output_type": "stream",
     "text": [
      "Problem size: 29\n",
      "Distance matrix:\n",
      " [[   0.  107.  241.  190.  124.   80.  316.   76.  152.  157.  283.  133.\n",
      "   113.  297.  228.  129.  348.  276.  188.  150.   65.  341.  184.   67.\n",
      "   221.  169.  108.   45.  167.]\n",
      " [ 107.    0.  148.  137.   88.  127.  336.  183.  134.   95.  254.  180.\n",
      "   101.  234.  175.  176.  265.  199.  182.   67.   42.  278.  271.  146.\n",
      "   251.  105.  191.  139.   79.]\n",
      " [ 241.  148.    0.  374.  171.  259.  509.  317.  217.  232.  491.  312.\n",
      "   280.  391.  412.  349.  422.  356.  355.  204.  182.  435.  417.  292.\n",
      "   424.  116.  337.  273.   77.]\n",
      " [ 190.  137.  374.    0.  202.  234.  222.  192.  248.   42.  117.  287.\n",
      "    79.  107.   38.  121.  152.   86.   68.   70.  137.  151.  239.  135.\n",
      "   137.  242.  165.  228.  205.]\n",
      " [ 124.   88.  171.  202.    0.   61.  392.  202.   46.  160.  319.  112.\n",
      "   163.  322.  240.  232.  314.  287.  238.  155.   65.  366.  300.  175.\n",
      "   307.   57.  220.  121.   97.]\n",
      " [  80.  127.  259.  234.   61.    0.  386.  141.   72.  167.  351.   55.\n",
      "   157.  331.  272.  226.  362.  296.  232.  164.   85.  375.  249.  147.\n",
      "   301.  118.  188.   60.  185.]\n",
      " [ 316.  336.  509.  222.  392.  386.    0.  233.  438.  254.  202.  439.\n",
      "   235.  254.  210.  187.  313.  266.  154.  282.  321.  298.  168.  249.\n",
      "    95.  437.  190.  314.  435.]\n",
      " [  76.  183.  317.  192.  202.  141.  233.    0.  213.  188.  272.  193.\n",
      "   131.  302.  233.   98.  344.  289.  177.  216.  141.  346.  108.   57.\n",
      "   190.  245.   43.   81.  243.]\n",
      " [ 152.  134.  217.  248.   46.   72.  438.  213.    0.  206.  365.   89.\n",
      "   209.  368.  286.  278.  360.  333.  284.  201.  111.  412.  321.  221.\n",
      "   353.   72.  266.  132.  111.]\n",
      " [ 157.   95.  232.   42.  160.  167.  254.  188.  206.    0.  159.  220.\n",
      "    57.  149.   80.  132.  193.  127.  100.   28.   95.  193.  241.  131.\n",
      "   169.  200.  161.  189.  163.]\n",
      " [ 283.  254.  491.  117.  319.  351.  202.  272.  365.  159.    0.  404.\n",
      "   176.  106.   79.  161.  165.  141.   95.  187.  254.  103.  279.  215.\n",
      "   117.  359.  216.  308.  322.]\n",
      " [ 133.  180.  312.  287.  112.   55.  439.  193.   89.  220.  404.    0.\n",
      "   210.  384.  325.  279.  415.  349.  285.  217.  138.  428.  310.  200.\n",
      "   354.  169.  241.  112.  238.]\n",
      " [ 113.  101.  280.   79.  163.  157.  235.  131.  209.   57.  176.  210.\n",
      "     0.  186.  117.   75.  231.  165.   81.   85.   92.  230.  184.   74.\n",
      "   150.  208.  104.  158.  206.]\n",
      " [ 297.  234.  391.  107.  322.  331.  254.  302.  368.  149.  106.  384.\n",
      "   186.    0.   69.  191.   59.   35.  125.  167.  255.   44.  309.  245.\n",
      "   169.  327.  246.  335.  288.]\n",
      " [ 228.  175.  412.   38.  240.  272.  210.  233.  286.   80.   79.  325.\n",
      "   117.   69.    0.  122.  122.   56.   56.  108.  175.  113.  240.  176.\n",
      "   125.  280.  177.  266.  243.]\n",
      " [ 129.  176.  349.  121.  232.  226.  187.   98.  278.  132.  161.  279.\n",
      "    75.  191.  122.    0.  244.  178.   66.  160.  161.  235.  118.   62.\n",
      "    92.  277.   55.  155.  275.]\n",
      " [ 348.  265.  422.  152.  314.  362.  313.  344.  360.  193.  165.  415.\n",
      "   231.   59.  122.  244.    0.   66.  178.  198.  286.   77.  362.  287.\n",
      "   228.  358.  299.  380.  319.]\n",
      " [ 276.  199.  356.   86.  287.  296.  266.  289.  333.  127.  141.  349.\n",
      "   165.   35.   56.  178.   66.    0.  112.  132.  220.   79.  296.  232.\n",
      "   181.  292.  233.  314.  253.]\n",
      " [ 188.  182.  355.   68.  238.  232.  154.  177.  284.  100.   95.  285.\n",
      "    81.  125.   56.   66.  178.  112.    0.  128.  167.  169.  179.  120.\n",
      "    69.  283.  121.  213.  281.]\n",
      " [ 150.   67.  204.   70.  155.  164.  282.  216.  201.   28.  187.  217.\n",
      "    85.  167.  108.  160.  198.  132.  128.    0.   88.  211.  269.  159.\n",
      "   197.  172.  189.  182.  135.]\n",
      " [  65.   42.  182.  137.   65.   85.  321.  141.  111.   95.  254.  138.\n",
      "    92.  255.  175.  161.  286.  220.  167.   88.    0.  299.  229.  104.\n",
      "   236.  110.  149.   97.  108.]\n",
      " [ 341.  278.  435.  151.  366.  375.  298.  346.  412.  193.  103.  428.\n",
      "   230.   44.  113.  235.   77.   79.  169.  211.  299.    0.  353.  289.\n",
      "   213.  371.  290.  379.  332.]\n",
      " [ 184.  271.  417.  239.  300.  249.  168.  108.  321.  241.  279.  310.\n",
      "   184.  309.  240.  118.  362.  296.  179.  269.  229.  353.    0.  121.\n",
      "   162.  345.   80.  189.  342.]\n",
      " [  67.  146.  292.  135.  175.  147.  249.   57.  221.  131.  215.  200.\n",
      "    74.  245.  176.   62.  287.  232.  120.  159.  104.  289.  121.    0.\n",
      "   154.  220.   41.   93.  218.]\n",
      " [ 221.  251.  424.  137.  307.  301.   95.  190.  353.  169.  117.  354.\n",
      "   150.  169.  125.   92.  228.  181.   69.  197.  236.  213.  162.  154.\n",
      "     0.  352.  147.  247.  350.]\n",
      " [ 169.  105.  116.  242.   57.  118.  437.  245.   72.  200.  359.  169.\n",
      "   208.  327.  280.  277.  358.  292.  283.  172.  110.  371.  345.  220.\n",
      "   352.    0.  265.  178.   39.]\n",
      " [ 108.  191.  337.  165.  220.  188.  190.   43.  266.  161.  216.  241.\n",
      "   104.  246.  177.   55.  299.  233.  121.  189.  149.  290.   80.   41.\n",
      "   147.  265.    0.  124.  263.]\n",
      " [  45.  139.  273.  228.  121.   60.  314.   81.  132.  189.  308.  112.\n",
      "   158.  335.  266.  155.  380.  314.  213.  182.   97.  379.  189.   93.\n",
      "   247.  178.  124.    0.  199.]\n",
      " [ 167.   79.   77.  205.   97.  185.  435.  243.  111.  163.  322.  238.\n",
      "   206.  288.  243.  275.  319.  253.  281.  135.  108.  332.  342.  218.\n",
      "   350.   39.  263.  199.    0.]]\n"
     ]
    }
   ],
   "source": [
    "# bays29\n",
    "\n",
    "n = 29\n",
    "print('Problem size: %d' % n)\n",
    "\n",
    "coords = np.array([[ 1150.,  1760.],\n",
    "       [  630.,  1660.],\n",
    "       [   40.,  2090.],\n",
    "       [  750.,  1100.],\n",
    "       [  750.,  2030.],\n",
    "       [ 1030.,  2070.],\n",
    "       [ 1650.,   650.],\n",
    "       [ 1490.,  1630.],\n",
    "       [  790.,  2260.],\n",
    "       [  710.,  1310.],\n",
    "       [  840.,   550.],\n",
    "       [ 1170.,  2300.],\n",
    "       [  970.,  1340.],\n",
    "       [  510.,   700.],\n",
    "       [  750.,   900.],\n",
    "       [ 1280.,  1200.],\n",
    "       [  230.,   590.],\n",
    "       [  460.,   860.],\n",
    "       [ 1040.,   950.],\n",
    "       [  590.,  1390.],\n",
    "       [  830.,  1770.],\n",
    "       [  490.,   500.],\n",
    "       [ 1840.,  1240.],\n",
    "       [ 1260.,  1500.],\n",
    "       [ 1280.,   790.],\n",
    "       [  490.,  2130.],\n",
    "       [ 1460.,  1420.],\n",
    "       [ 1260.,  1910.],\n",
    "       [  360.,  1980.]])\n",
    "\n",
    "A = np.array([[   0.,  107.,  241.,  190.,  124.,   80.,  316.,   76.,  152.,\n",
    "         157.,  283.,  133.,  113.,  297.,  228.,  129.,  348.,  276.,\n",
    "         188.,  150.,   65.,  341.,  184.,   67.,  221.,  169.,  108.,\n",
    "          45.,  167.],\n",
    "       [ 107.,    0.,  148.,  137.,   88.,  127.,  336.,  183.,  134.,\n",
    "          95.,  254.,  180.,  101.,  234.,  175.,  176.,  265.,  199.,\n",
    "         182.,   67.,   42.,  278.,  271.,  146.,  251.,  105.,  191.,\n",
    "         139.,   79.],\n",
    "       [ 241.,  148.,    0.,  374.,  171.,  259.,  509.,  317.,  217.,\n",
    "         232.,  491.,  312.,  280.,  391.,  412.,  349.,  422.,  356.,\n",
    "         355.,  204.,  182.,  435.,  417.,  292.,  424.,  116.,  337.,\n",
    "         273.,   77.],\n",
    "       [ 190.,  137.,  374.,    0.,  202.,  234.,  222.,  192.,  248.,\n",
    "          42.,  117.,  287.,   79.,  107.,   38.,  121.,  152.,   86.,\n",
    "          68.,   70.,  137.,  151.,  239.,  135.,  137.,  242.,  165.,\n",
    "         228.,  205.],\n",
    "       [ 124.,   88.,  171.,  202.,    0.,   61.,  392.,  202.,   46.,\n",
    "         160.,  319.,  112.,  163.,  322.,  240.,  232.,  314.,  287.,\n",
    "         238.,  155.,   65.,  366.,  300.,  175.,  307.,   57.,  220.,\n",
    "         121.,   97.],\n",
    "       [  80.,  127.,  259.,  234.,   61.,    0.,  386.,  141.,   72.,\n",
    "         167.,  351.,   55.,  157.,  331.,  272.,  226.,  362.,  296.,\n",
    "         232.,  164.,   85.,  375.,  249.,  147.,  301.,  118.,  188.,\n",
    "          60.,  185.],\n",
    "       [ 316.,  336.,  509.,  222.,  392.,  386.,    0.,  233.,  438.,\n",
    "         254.,  202.,  439.,  235.,  254.,  210.,  187.,  313.,  266.,\n",
    "         154.,  282.,  321.,  298.,  168.,  249.,   95.,  437.,  190.,\n",
    "         314.,  435.],\n",
    "       [  76.,  183.,  317.,  192.,  202.,  141.,  233.,    0.,  213.,\n",
    "         188.,  272.,  193.,  131.,  302.,  233.,   98.,  344.,  289.,\n",
    "         177.,  216.,  141.,  346.,  108.,   57.,  190.,  245.,   43.,\n",
    "          81.,  243.],\n",
    "       [ 152.,  134.,  217.,  248.,   46.,   72.,  438.,  213.,    0.,\n",
    "         206.,  365.,   89.,  209.,  368.,  286.,  278.,  360.,  333.,\n",
    "         284.,  201.,  111.,  412.,  321.,  221.,  353.,   72.,  266.,\n",
    "         132.,  111.],\n",
    "       [ 157.,   95.,  232.,   42.,  160.,  167.,  254.,  188.,  206.,\n",
    "           0.,  159.,  220.,   57.,  149.,   80.,  132.,  193.,  127.,\n",
    "         100.,   28.,   95.,  193.,  241.,  131.,  169.,  200.,  161.,\n",
    "         189.,  163.],\n",
    "       [ 283.,  254.,  491.,  117.,  319.,  351.,  202.,  272.,  365.,\n",
    "         159.,    0.,  404.,  176.,  106.,   79.,  161.,  165.,  141.,\n",
    "          95.,  187.,  254.,  103.,  279.,  215.,  117.,  359.,  216.,\n",
    "         308.,  322.],\n",
    "       [ 133.,  180.,  312.,  287.,  112.,   55.,  439.,  193.,   89.,\n",
    "         220.,  404.,    0.,  210.,  384.,  325.,  279.,  415.,  349.,\n",
    "         285.,  217.,  138.,  428.,  310.,  200.,  354.,  169.,  241.,\n",
    "         112.,  238.],\n",
    "       [ 113.,  101.,  280.,   79.,  163.,  157.,  235.,  131.,  209.,\n",
    "          57.,  176.,  210.,    0.,  186.,  117.,   75.,  231.,  165.,\n",
    "          81.,   85.,   92.,  230.,  184.,   74.,  150.,  208.,  104.,\n",
    "         158.,  206.],\n",
    "       [ 297.,  234.,  391.,  107.,  322.,  331.,  254.,  302.,  368.,\n",
    "         149.,  106.,  384.,  186.,    0.,   69.,  191.,   59.,   35.,\n",
    "         125.,  167.,  255.,   44.,  309.,  245.,  169.,  327.,  246.,\n",
    "         335.,  288.],\n",
    "       [ 228.,  175.,  412.,   38.,  240.,  272.,  210.,  233.,  286.,\n",
    "          80.,   79.,  325.,  117.,   69.,    0.,  122.,  122.,   56.,\n",
    "          56.,  108.,  175.,  113.,  240.,  176.,  125.,  280.,  177.,\n",
    "         266.,  243.],\n",
    "       [ 129.,  176.,  349.,  121.,  232.,  226.,  187.,   98.,  278.,\n",
    "         132.,  161.,  279.,   75.,  191.,  122.,    0.,  244.,  178.,\n",
    "          66.,  160.,  161.,  235.,  118.,   62.,   92.,  277.,   55.,\n",
    "         155.,  275.],\n",
    "       [ 348.,  265.,  422.,  152.,  314.,  362.,  313.,  344.,  360.,\n",
    "         193.,  165.,  415.,  231.,   59.,  122.,  244.,    0.,   66.,\n",
    "         178.,  198.,  286.,   77.,  362.,  287.,  228.,  358.,  299.,\n",
    "         380.,  319.],\n",
    "       [ 276.,  199.,  356.,   86.,  287.,  296.,  266.,  289.,  333.,\n",
    "         127.,  141.,  349.,  165.,   35.,   56.,  178.,   66.,    0.,\n",
    "         112.,  132.,  220.,   79.,  296.,  232.,  181.,  292.,  233.,\n",
    "         314.,  253.],\n",
    "       [ 188.,  182.,  355.,   68.,  238.,  232.,  154.,  177.,  284.,\n",
    "         100.,   95.,  285.,   81.,  125.,   56.,   66.,  178.,  112.,\n",
    "           0.,  128.,  167.,  169.,  179.,  120.,   69.,  283.,  121.,\n",
    "         213.,  281.],\n",
    "       [ 150.,   67.,  204.,   70.,  155.,  164.,  282.,  216.,  201.,\n",
    "          28.,  187.,  217.,   85.,  167.,  108.,  160.,  198.,  132.,\n",
    "         128.,    0.,   88.,  211.,  269.,  159.,  197.,  172.,  189.,\n",
    "         182.,  135.],\n",
    "       [  65.,   42.,  182.,  137.,   65.,   85.,  321.,  141.,  111.,\n",
    "          95.,  254.,  138.,   92.,  255.,  175.,  161.,  286.,  220.,\n",
    "         167.,   88.,    0.,  299.,  229.,  104.,  236.,  110.,  149.,\n",
    "          97.,  108.],\n",
    "       [ 341.,  278.,  435.,  151.,  366.,  375.,  298.,  346.,  412.,\n",
    "         193.,  103.,  428.,  230.,   44.,  113.,  235.,   77.,   79.,\n",
    "         169.,  211.,  299.,    0.,  353.,  289.,  213.,  371.,  290.,\n",
    "         379.,  332.],\n",
    "       [ 184.,  271.,  417.,  239.,  300.,  249.,  168.,  108.,  321.,\n",
    "         241.,  279.,  310.,  184.,  309.,  240.,  118.,  362.,  296.,\n",
    "         179.,  269.,  229.,  353.,    0.,  121.,  162.,  345.,   80.,\n",
    "         189.,  342.],\n",
    "       [  67.,  146.,  292.,  135.,  175.,  147.,  249.,   57.,  221.,\n",
    "         131.,  215.,  200.,   74.,  245.,  176.,   62.,  287.,  232.,\n",
    "         120.,  159.,  104.,  289.,  121.,    0.,  154.,  220.,   41.,\n",
    "          93.,  218.],\n",
    "       [ 221.,  251.,  424.,  137.,  307.,  301.,   95.,  190.,  353.,\n",
    "         169.,  117.,  354.,  150.,  169.,  125.,   92.,  228.,  181.,\n",
    "          69.,  197.,  236.,  213.,  162.,  154.,    0.,  352.,  147.,\n",
    "         247.,  350.],\n",
    "       [ 169.,  105.,  116.,  242.,   57.,  118.,  437.,  245.,   72.,\n",
    "         200.,  359.,  169.,  208.,  327.,  280.,  277.,  358.,  292.,\n",
    "         283.,  172.,  110.,  371.,  345.,  220.,  352.,    0.,  265.,\n",
    "         178.,   39.],\n",
    "       [ 108.,  191.,  337.,  165.,  220.,  188.,  190.,   43.,  266.,\n",
    "         161.,  216.,  241.,  104.,  246.,  177.,   55.,  299.,  233.,\n",
    "         121.,  189.,  149.,  290.,   80.,   41.,  147.,  265.,    0.,\n",
    "         124.,  263.],\n",
    "       [  45.,  139.,  273.,  228.,  121.,   60.,  314.,   81.,  132.,\n",
    "         189.,  308.,  112.,  158.,  335.,  266.,  155.,  380.,  314.,\n",
    "         213.,  182.,   97.,  379.,  189.,   93.,  247.,  178.,  124.,\n",
    "           0.,  199.],\n",
    "       [ 167.,   79.,   77.,  205.,   97.,  185.,  435.,  243.,  111.,\n",
    "         163.,  322.,  238.,  206.,  288.,  243.,  275.,  319.,  253.,\n",
    "         281.,  135.,  108.,  332.,  342.,  218.,  350.,   39.,  263.,\n",
    "         199.,    0.]])\n",
    "print('Distance matrix:\\n', A)\n",
    "\n",
    "# p = [0, 48, 31, 44, 18, 40,  7,  8,  9, 42, 32, 50, 10, 51, 13, 12, 46, 25, 26, 27, 11, 24,  3,  5, 14,  4, 23, 47, 37, 36, 39, 38, 35, 34, 33, 43, 45, 15, 28, 49, 19, 22, 29,  1,  6, 41, 20, 16,  2, 17, 30, 21]\n",
    "# print('Optimal solution:\\n', p)"
   ]
  },
  {
   "cell_type": "code",
   "execution_count": 4,
   "metadata": {},
   "outputs": [
    {
     "data": {
      "image/png": "iVBORw0KGgoAAAANSUhEUgAAAs8AAAHiCAYAAAAXqCHCAAAABHNCSVQICAgIfAhkiAAAAAlwSFlz\nAAALEgAACxIB0t1+/AAAADl0RVh0U29mdHdhcmUAbWF0cGxvdGxpYiB2ZXJzaW9uIDIuMS4yLCBo\ndHRwOi8vbWF0cGxvdGxpYi5vcmcvNQv5yAAAIABJREFUeJzs3X94VOWd9/HP1xBgMMUAgpYJJqAm\nEgk1mq0+xdZKtYMtakpXrIsaSltkV9l22ytboPBo3VbwYa3WtdbqalXWKooYZSsbqEitLNYEE6XU\npAhFwgQU0aAp0yTG+/kjk3SCk+SE/DiTzPt1XXMxuefMmc/kD64Ph/vctznnBAAAAKBrx/kdAAAA\nABgoKM8AAACAR5RnAAAAwCPKMwAAAOAR5RkAAADwiPIMAAAAeER5BoBeYmbOzE7r4LW5ZvZif2eK\nfvZmM/umx2OnmdlOM6s3s0IzW29mRR7f2+mxZnaPmS3zmhsAEtEQvwMAABLKzZLucs79NPpzidc3\nOucuaX1uZnMlfdM5d37M6wt6KyQA+IUrzwDggZkly8WGTEk7/A4BAImK8gwgaZnZHjNbbGZ/NLP3\nzOyXZjY8+trnzWyfmX3fzA5I+mV0/Ftm9oaZvWtmz5jZ+KNO+yUz221m75jZSjOL+/esmZ1hZhuj\n56k2s9kxrz1oZndHp0HUm9kWMzvZzO6I5qwys/xOvtfF0WMOm9ldkuyo1+eZ2evRc5WaWWZ0fJek\nSZLWRT93WOyUj9apJ2b279H3/tnMYq82bzazb5rZZEn3SPo/0fPUxXyvH8Uc3+HvMjoFZkF0Csl7\nZvYzM2v3PQDAD5RnAMlujqSQpFMlZUtaGvPayZJGq+Vq7Hwzmy5puaTZkj4p6U1Jjx11vq9IKpB0\ntqTLJc07+gPN7HhJGyX9StI4SVdJutvMzow5bHY0y4mSGiRtlfRK9Oc1kn4S78uY2YmSnox57y5J\n02JeL5S0RNIsSWMl/U7So5LknDtV0l5Jlzrn0pxzDXE+4lxJ1dFz/z9J9x9dap1zr0taIGlr9Dzp\ncXJ6+V3OlPR3kj4VPS4U7zsDQH+iPANIdnc552qcc+9K+rFaimyrjyTd6JxrcM5F1FK0H3DOvRIt\nlovVcnU1K+Y9tzrn3nXO7ZV0x1HnazVT0h7n3C+dcx86515RS+H9+5hjnnLObXPO/VXSU5L+6px7\n2DnXLGm1pI6uPH9J0h+dc2ucc03RDAdiXr9O0nLn3OvOuQ8l3SLprNarzx686Zy7L5rjIbUU35M8\nvjeWl9/lCudcXfR3+byks47hcwCgV1GeASS7mpjnb0qKnYZxMFpeW42PHiNJcs7VSzokKejxfK0y\nJZ1rZnWtD7WUyZNjjnkr5nkkzs9pHXyf8bEZnHPuqEyZkn4a87nvqmVaR1DetBVx59yR6NOOsnTG\ny+8ytvQfOcbPAYBelSw3wABARybEPD9FUm3Mz+6oY2vVUj4ltU2/GCMpfNT5Wm+4O/p8rWok/dY5\nd/ExZu7MfsV8p+iUitjvWCPpx865R/rgs2Md/bs7mpffJQAkHK48A0h215tZhpmNVstc4NWdHPsr\nSV83s7PMbJhapjz83jm3J+aYYjMbZWYTJH27g/P9t6RsM7vGzFKjj7+L3mjXU7+WdKaZzYquEPLP\nan9F+x5Ji1vnV5vZCWZ2RS987tHekpRhZkM7eN3L7xIAEg7lGUCy+5WkDZJ2Rx8/6uhA59xzkpap\nZX7yfrXcZPi1ow57WtI2SZVqKbL3xznPB5K+GH1vrVqmJ9wqaVjPvorknHtH0hWSVqhlGsTpkrbE\nvP5U9LMeM7P3Jf1B0iVxTtVTm9RyBf6Amb0TJ6eX3yUAJBxrmQ4HAMnHzPaoZSOP3/idBQAwMHDl\nGQAAAPCI8gwAAAB4xLQNAAAAwCOuPAMAAAAeUZ4BAAAAjxJ+k5QTTzzRZWVl+R0DAAAAg9i2bdve\ncc6N7eq4hC/PWVlZKi8v9zsGAAAABjEze9PLcUzbAAAAADyiPAMAAAAeUZ4BAAAAjyjPAAAAgEeU\nZwAAAMAjyjMAAADgEeUZAAAA8IjyDAAAAHhEeQYAAAA8ojwDABBHOBxWXl6ezExz586VJP3oRz/S\nCSecIDPTnj17fM0HwB+UZwAA4khNTdX8+fOVmZnZNpaTk6NvfOMbPqYC4DfKMwAAcYwbN04LFy5U\nWlpa29gVV1yhz3zmMz6mAuA3yjMAAADgEeUZAAAA8GiI3wEAAEhETU1N2rVrlxobG3X48GFVVVXp\nhBNOUG1trSRp165dSktL04knnuhzUgD9yZxzfmfoVEFBgSsvL/c7BgBgkCqpCGtlabVq6yIanx5Q\ncShHhflB7dmzRxMnTmx3bFFRkR566KG2n2+88UbddNNN/ZwYQF8ws23OuYKujuPKMwAgaZVUhLV4\n7XZFmpolSeG6iBav3S5JKszPUrwLTA8++GB/RgSQYJjzDABIWitLq9uKc6tIU7NWllb7lAhAoqM8\nA0AckUhEl19+uY4//nhlZGToscce8zsS+kBtXaRb4wBAeQaAONavX69nnnlG//mf/6kzzzxT3//+\n9/2OhD4wPj3QrXEAoDwDQByTJk3S8OHDdcopp+jEE0/UiBEj/I6EPlAcylEgNaXdWCA1RcWhHJ8S\nAUh03DAIAHFkZ2dr2rRp+uxnPysz0xNPPOF3JPSBwvygJMVdbQMA4mGpOgCI4+6779b111+vp59+\nWo8//riee+457du3TykpKV2/GQAw4LBUHQB4FG+d3+OOO05mphEjRig1NVXvvPOOmpubKc8AkOQo\nzwCSWkfr/P7fGdN1ySWX6PLLL9cnPvEJ3XbbbRo6dKjPaQEAfuuyPJvZBEkPSzpZ0keS7nXO/dTM\nVkq6VFKjpF2Svu6cqzOzLEmvS2pdJPMl59yC6LnOkfSgpICkZyV92yX6vBEAg1pH6/ze9bt92vLr\nX/uUCgCQqLystvGhpO855yZLOk/S9WaWK2mjpCnOuamS/iRpccx7djnnzoo+FsSM/1zSfEmnRx8z\neuNLAMCxYp1fAEB3dFmenXP7nXOvRJ9/oJarykHn3Abn3IfRw16SlNHZeczsk5JGOue2Rq82Pyyp\nsEfpAaCHWOcXANAd3VrnOTolI1/S7496aZ6k9TE/TzSzCjP7rZl9NjoWlLQv5ph90TEA8A3r/AIA\nusPzDYNmlibpSUnfcc69HzP+A7VM7XgkOrRf0inOuUPROc4lZnamJItz2rjznc1svlqmd+iUU07x\nGhEAuo11fgEA3eGpPJtZqlqK8yPOubUx40WSZkr6QuuNf865BkkN0efbzGyXpGy1XGmOndqRIak2\n3uc55+6VdK/Uss5zN78TAHRLYX6QsgwA8KTLaRtmZpLul/S6c+4nMeMzJH1f0mXOuSMx42PNLCX6\nfJJabgzc7ZzbL+kDMzsves5rJT3dq98GAAAA6ENerjxPk3SNpO1mVhkdWyLpTknDJG1s6cJtS9J9\nTtLNZvahpGZJC5xz70bf94/621J169V+njQAAACQ0Losz865FxV/vvKzHRz/pFqmeMR7rVzSlO4E\nBAAAABJFt1bbAAAAAJIZ5RkAAADwiPIMAAAAeER5BgAAADyiPAMAAAAeUZ4BAAAAjyjPAAAAgEeU\nZwAAAMAjyjMAAADgEeUZAAAA8IjyDAAAAHhEeQYAAAA8ojwDAAAAHlGegQSwefNmZWdna/jw4Zo6\ndaoqKyt10003yczaHi+99JLfMQEASHqUZyABNDQ0aNmyZSorK1MkEtGSJUskSeedd55qampUU1Oj\ns88+2+eUAABgiN8BAEihUKjteW5ururr6yVJlZWVOvvss3XRRRfp/vvv9yseAACIojwDCWTr1q1a\nv3697rnnHp166qn64he/qNraWn3ta1/Teeedp3/+53/2OyIAAEmN8gwkiB07dmjmzJkqKirSvHnz\n2r2WmZmpqqoqn5IBAIBWlGegH5VUhLWytFq1dRGNTw+oOJSjwvyg9u7dq1AopNzcXC1dulQHDhzQ\ngw8+qM997nOqq6vT3r17dcYZZ/gdHwCApEd5BvpJSUVYi9duV6SpWZIUroto8drtkqS6VzcpHA4r\nHA4rKytLmZmZuvrqq3XZZZepsbFRV155pebPn+9nfAAAIMmcc35n6FRBQYErLy/3OwbQY9NWbFK4\nLvKx8WB6QFsWTfchEQAAaGVm25xzBV0dx1J1HsRbgxforto4xbmzcQAAkHgozx50tAYv0B3j0wPd\nGgcAAImHOc8edLQGL9AdxaGcdnOeJSmQmqLiUI6PqQAAQHdQnrshdg1eoLsK84OSFHe1DQAAMDBQ\nnj3qbA1ewKvC/CBlGQCAAYw5zx7EW4MXANC5PXv2yMzaHgsWLPA7EgD0GFeejxJvE4t4a/Du2bPH\n76gAMCBs3bpVGRkZSktL8zsKAPQYV55jtG5iEa6LyOlvm1ikf+piOefaHhRnAPDuy1/+si699FL9\n6U9/8jsKAPQY5TnGytLqdishSFKkqVkrS6t9SgQAA9fIkSP12GOPaePGjZLEtA0AgwLlOQabWABA\n7xk9erSuvPJKnX322Zo1a5aqqqr8jgQAPcac5xjj0wNxt09mEwsA6Fy8+0WOf+eP2r9/v8455xyt\nW7dOZ5xxht8xAaDHuPIcoziUo0BqSrsxNrEAgM51dL/ItvAR/ehHP9I555yjxsZG3XfffX5HBYAe\n48pzDDaxAIDu6+h+kXUHPsFNggAGHcrzUdjEAgC6h/tFACQTpm0ASApf//rXZWZas2aN31EGnY7u\nC+F+EQCDEeUZwKC3Z88ePfHEE37HGLS4XwRAMqE8Axj0brnlFl1zzTV+xxi0CvODWj4rT8H0gExS\nMD2g5bPymAIHYFBizjOAQa2mpkbr1q3Thg0bdM899/gdZ9DifhEAyYIrzwAGtZ/85CdasGCBRowY\nIUn66KOPfE4EABjIuPIMYNCIt1HHn//8Zz399NO66aabJElXXnmlcnNzNWXKFH/DAgAGJK48AxgU\nOtqoIzSvWGVlZXrmmWckSbfeeqtOO+00f8MCAAYsrjwDGBQ62qjjv/7YoH+8bJokyTnnRzQAwCDC\nlWcAgwIbdQAA+gPlGcCgwEYdAID+QHnGoLR582ZlZ2dr+PDhmjp1qiorK7VlyxZNnjxZgUBAn/nM\nZxQOh/2OiV7ERh0AgP7QZXk2swlm9ryZvW5mO8zs29Hx0Wa20cx2Rv8cFR03M7vTzN4ws9fM7OyY\ncxVFj99pZkV997WQ7BoaGrRs2TKVlZUpEoloyZIluvXWW/XXv/5Vzz//vMrLy3Xvvff6HRO9iI06\nAAD9wcsNgx9K+p5z7hUz+4SkbWa2UdJcSc8551aY2SJJiyR9X9Ilkk6PPs6V9HNJ55rZaEk3SiqQ\n5KLnecY5915vfykgFAq1Pc/NzVV9fb2mTp2q3bt3a9KkSRoyZEjbur8YPNioAwDQ17q88uyc2++c\neyX6/ANJr0sKSrpc0kPRwx6SVBh9frmkh12LlySlm9knJYUkbXTOvRstzBslzejVbwMcZevWrVq/\nfr3mzJmjWbNmKRwO6+STT9ZJJ52k6667zu94AABggOnWnGczy5KUL+n3kk5yzu2XWgq2pHHRw4KS\namLeti861tE40Cd27NihmTNnqqioSPPmzdMNN9ygU089VS+88IKOHDmiW265xe+IAABggPFcns0s\nTdKTkr7jnHu/s0PjjLlOxuN91nwzKzez8oMHD3qNCLTZu3evQqGQcnNztXTpUh04cEDHHXecUlNT\nFQgEdNxxx+nAgQN+xwQAAAOMp/JsZqlqKc6POOfWRoffik7HUPTPt6Pj+yRNiHl7hqTaTsY/xjl3\nr3OuwDlXMHbsWK/fBUmopCKsaSs2aeKiX2vaik0qqWhZQWPTpk0Kh8N68cUXlZWVpfPOO0/Lly/X\nu+++q2nTpunkk0/Wv/7rv/qcHgAADDTW1Y5bZmZqmdP8rnPuOzHjKyUdirlhcLRz7l/N7MuSbpD0\nJbXcMHinc+7T0RsGt0lqXX3jFUnnOOfe7ezzCwoKXHl5+TF+PQxmrdsxx+4qF0hNYYUFAADQbWa2\nzTlX0NVxXq48T5N0jaTpZlYZfXxJ0gpJF5vZTkkXR3+WpGcl7Zb0hqT7JP2TJEVL8r9JKos+bu6q\nOAOd6Wg75pWl1T4lAgAAg12XS9U5515U/PnKkvSFOMc7Sdd3cK4HJD3QnYBAR9iOGQAA9Dd2GMSA\nxXbMAACgv1GeMWCxHTMAAOhvXnYYBBJS602BK0urVVsX0fj0gIpDOdwsCAAA+gzlGQMa2zEDAID+\nxLQNAAAAwCPKMwAAAOAR5RkAgASyefNmZWdna/jw4Zo6daoqKyuVlZUlM2t73HzzzX7HBJIW5RkA\ngATS0NCgZcuWqaysTJFIREuWLNFLL72kmpoaPfnkk5Kk888/3+eUQPLihkEAABJIKBRqe56bm6v6\n+nqdfPLJkqTly5frlFNO0YUXXuhXPCDpceUZAIAEtHXrVq1fv15z5syRJDU1NWn16tW6+uqrZdbR\nxr8A+hrlGQCABLNjxw7NnDlTRUVFmjdvniTp2Wef1aFDh3Tttdf6nA5IbkzbAADAJyUV4Y9t9HT2\nmGaFQiHl5uZq6dKlOnDggE4++WStWrVKn/70p5WTwy6qgJ8ozwAA+KCkIqzFa7cr0tQsSQrXRbR4\n7XZdPOR1hcNhhcNhZWVlKTMzU5WVlfrv//5v3XbbbT6nBkB5BgDABytLq9uKc6tIU7O2Hf8pOec+\ndvxf//rX/ooGoBPMeQYAwAe1dZFujQNIDJRnAAB8MD490K1xAImB8gwAgA+KQzkKpKa0Gwukpqg4\nxA2BQCJjzjMAAD4ozA9K0sdW22gdB5CYKM8AAPikMD9IWQYGGKZtAAAAAB5RngEAAACPKM8AAACA\nR5RnAAAAwCPKMwAAAOAR5RkAAADwiPIMAAAAeER5BgAAADyiPAMAAAAeUZ4BAAAAjyjPAAAAgEeU\nZwAAAMAjyjMAAADgEeUZAAAA8IjyDAAAAHhEeQYAAAA8ojwDAAAAHlGeAQAAAI8ozwDQizZv3qzs\n7GwNHz5cU6dOVWVlpfbv368LLrhA6enp+ta3vqUPP/zQ75gAgGNEeQaAXtTQ0KBly5aprKxMkUhE\nS5Ys0fe//301NDSotLRUjz76qH71q1/5HRMAcIwozwDQi0KhkK655hrl5eUpNzdXDQ0Neu655xQK\nhXTuuecqPz9fGzZs8DsmopYsWaIxY8bo7LPPVlVVld9xAAwAlGcA6ANbt27V+vXrNWfOHL3zzjs6\n/vjjJUlpaWk6ePCgz+kgSZs2bdKKFSv0+OOPa8KECfqnf/onvyMBGAAozwDQy3bs2KGZM2eqqKhI\n8+bN04knnqj6+npJ0gcffKCxY8f6nBCS9Nxzz2nChAn6whe+oMsuu0ybN29WY2Oj37EAJDjKMwAc\ng5KKsKat2KSJi36taSs2qaQiLEnau3evQqGQcnNztXTpUh04cEDTp09XaWmpfv/736uyslIXXXSR\nz+kh6WP/I+Cc06FDh3xOBSDRDfE7AAAMNCUVYS1eu12RpmZJUrguosVrt0uS6l7dpHA4rHA4rKys\nLGVmZmrLli266qqr9MUvflFXXnml5syZ42d8RB39PwJmpjFjxvicCkCiM+ec3xk6VVBQ4MrLy/2O\nAQBtpq3YpHBd5GPjwfSAtiya7kMidKWkIqyVpdWqrYtofHpAxaEcfeLdKl188cXasGGD7rzzTr3/\n/vvavHmz31EB+MTMtjnnCro6jmkbANBNtXGKc2fj8Ffr/xSE6yJy+tv/FHww+gwVFxdr9uzZqqmp\n0c9//nO/owIYALosz2b2gJm9bWZ/iBlbbWaV0cceM6uMjmeZWSTmtXti3nOOmW03szfM7E4zs775\nSgDQt8anB7o1Dn+tLK1um2LTKtLUrJWl1br11lv17rvvqqKiQpMnT/YpIYCBxMuV5wclzYgdcM5d\n6Zw7yzl3lqQnJa2NeXlX62vOuQUx4z+XNF/S6dFHu3MCwEBRHMpRIDWl3VggNUXFoRyfEqEz/E8B\ngN7UZXl2zr0g6d14r0WvHs+W9Ghn5zCzT0oa6Zzb6lomWT8sqbD7cQHAf4X5QS2fladgekCmlrnO\ny2flqTA/6Hc0xMH/FADoTT1dbeOzkt5yzu2MGZtoZhWS3pe01Dn3O0lBSftijtkXHYvLzOar5Sq1\nTjnllB5GBIDeV5gfpCwPEMWhnHaro0j8TwGAY9fT8nyV2l913i/pFOfcITM7R1KJmZ0pKd785g6X\n+XDO3SvpXqlltY0eZgQAJLHWf+QcvdoG//gBcCyOuTyb2RBJsySd0zrmnGuQ1BB9vs3MdknKVsuV\n5oyYt2dIqj3WzwYAoDv4nwIAvaUnS9VdJKnKOdc2HcPMxppZSvT5JLXcGLjbObdf0gdmdl50nvS1\nkp7uwWcDAAAA/c7LUnWPStoqKcfM9pnZN6IvfU0fv1Hwc5JeM7NXJa2RtMA513qz4T9K+k9Jb0ja\nJWl9L+QHAAAA+g07DAIAACDpscMgAAAA0MsozwAAAIBHlGcAAADAI8ozAAAA4BHlGQAAAPCI8gwA\nAAB4RHkG0CPhcFh5eXkyM82dO9fvOAAA9CnKM4AeSU1N1fz585WZmel3FAAA+hzlGUCPjBs3TgsX\nLlRaWprfUQAA6HOUZwAAAMAjyjMAAADg0RC/AwAYOEoqwlpZWq3auojGpwdUHMrRl6eM065du9TY\n2KjDhw+rqqpKZ5xxht9RAQDoE1x5BuBJSUVYi9duV7guIicpXBfR4rXb9csN2zR58mTt3LlTJSUl\nmjx5st9RASShm266SWbW9pg0aZLfkTBIUZ4BeLKytFqRpuZ2Y5GmZj20/Yicc+0eANDfvvvd76qm\npkY1NTXKzMzU+eef73ckDFKUZwCe1NZFujUOAP1p5MiRysjI0P79+/Xmm2+qqKjI70gYpCjPADwZ\nnx7o1jgA+GHVqlXKyMjQhRde6HcUDFKUZwCeFIdyFEhNaTcWSE1RcSjHp0QA0N6HH36oxx57TFdf\nfbWOO46Kg77BahsAPCnMD0rSx1bbaB0HAL/9z//8jw4ePKhrr73W7ygYxCjPADwrzA9SlgH4Kt6S\nma1/L61atUoFBQWs+oM+RXkGAAADQuuSma0r/7QumSm1/ON+9erVfsZDkmBCEAAAGBA6WjJzZWm1\nT4mQjCjPAABgQGDJTCQCyjMAABgQWDITiYDyDAAABgSWzEQi4IZBAAAwILBkJhIB5RkAAAwYLJkJ\nvzFtAwAAAPCI8gwAAAB4RHkGAAAAPKI8AwAAAB5RngEAAACPKM8AAACAR5RnAAAAwCPKMwAAAOAR\n5RkAAADwiPIMAAAAeER5BgAAADyiPAMAAAAeUZ4BAAAAjyjPAAAAgEeUZwAAAMAjyjMAAAlk8+bN\nys7O1vDhwzV16lRVVlbqpptuUnp6utLS0jR79mw1Njb6HRNIWpRnAAASSENDg5YtW6aysjJFIhEt\nWbJEF1xwgbZs2aJ/+7d/0xNPPKHf/va3fscEktYQvwMAAIC/CYVCbc9zc3NVX1+vCy+8UJJUU1Oj\nYcOGKSsry6d0ACjPAAAkoK1bt2r9+vW65557JLUU6ddff10XXHCBxo8f73M6IHkxbQMAgASzY8cO\nzZw5U0VFRZo3b54k6dlnn9WTTz6pF154QQ899JDPCYHk1WV5NrMHzOxtM/tDzNhNZhY2s8ro40sx\nry02szfMrNrMQjHjM6Jjb5jZot7/KgAADCwlFWFNW7FJExf9WtNWbFJJRVh79+5VKBRSbm6uli5d\nqgMHDmj16tVqbGzUiBEjJEnDhg3zOTmQvLxM23hQ0l2SHj5q/Hbn3L/HDphZrqSvSTpT0nhJvzGz\n7OjLP5N0saR9ksrM7Bnn3B97kB0AgAGrpCKsxWu3K9LULEkK10W0eO12XTzkdYXDYYXDYWVlZSkz\nM1N5eXn6+te/rmHDhumaa67R1Vdf7XN6IHl1WZ6dcy+YWZbH810u6THnXIOkP5vZG5I+HX3tDefc\nbkkys8eix1KeAQBJaWVpdVtxbhVpata24z8l55xPqQB0pSdznm8ws9ei0zpGRceCkmpijtkXHeto\nPC4zm29m5WZWfvDgwR5EBAAgMdXWRbo1DiAxHGt5/rmkUyWdJWm/pNui4xbnWNfJeFzOuXudcwXO\nuYKxY8ceY0QAABLX+PRAt8YBJIZjKs/Oubecc83OuY8k3ae/Tc3YJ2lCzKEZkmo7GQcAICkVh3IU\nSE1pNxZITVFxKMenRAC8OKbybGafjPnxK5JaV+J4RtLXzGyYmU2UdLqklyWVSTrdzCaa2VC13FT4\nzLHHBgBgYCvMD2r5rDwF0wMyScH0gJbPylNhfoezGgEkgC5vGDSzRyV9XtKJZrZP0o2SPm9mZ6ll\n6sUeSddJknNuh5k9rpYbAT+UdL1zrjl6nhsklUpKkfSAc25Hr38bAAAGkML8IGUZGGAs0e/oLSgo\ncOXl5X7HAAAAwCBmZtuccwVdHccOgwAAAIBHlGcAAADAI8ozAAAA4BHlGQAAJKzNmzcrOztbw4cP\n19SpU1VZWanm5mZ973vf09ixYzV27Fht2LDB75hIIl2utgEAAOCXhoYGLVu2TGeddZZmzZqlJUuW\n6NJLL9Wdd96pxx9/XGPGjNGwYcP8jokkwmobAABgQLj88stVX18vSTruuOO0ceNGnxNhMGG1DQAA\nMGhs3bpV69ev15w5cxQOh7V7925lZGTo3HPPVVVVld/xkEQozwAAIKHt2LFDM2fOVFFRkebNm6dR\no0YpEonoscce01tvvaUbb7zR74hIIpRnAACQsPbu3atQKKTc3FwtXbpUBw4c0PTp03XccccpEAgo\nJSWFOc/oV9wwCAAAfFdSEdbK0mrV1kU0Pj2g4lCOCvOD2rRpk8LhsMLhsLKyspSZmanKykq99tpr\nuuCCCzR16lTddNNNfsdHEuHKM4A24XBYeXl5MjPNnTtXkrRp0yadeuqpOumkk/TTn/7U34AABqWS\nirAWr92ucF1ETlK4LqLFa7erpCKsuXPnyjnX9tizZ4/S09O1bt061dfX63//9381adIkv78Ckgjl\nGUCb1NRUzZ8/X5mZmW1jRUVwhqwuAAAgAElEQVRFuuiii/SDH/xA//Iv/6KdO3f6mBDAYLSytFqR\npuZ2Y5GmZq0srfYpEdAxyjOANuPGjdPChQuVlpYmSXr77be1b98+XXjhhbrkkkvknNPzzz/vc0oA\ng01tXaRb44CfmPMMoEPp6ekaNmyYqqurdfzxx0uS3nvvPZ9TARhsxqcHFI5TlMenB3xIA3SO8gyg\nQ0OHDtXNN9+sRYsW6YQTTpAkBYNBn1MBGGyKQzlavHZ7u6kbgdQUFYdyfEwFxMe0DQBtmpqaVFVV\npcbGRh0+fFhVVVUKhUIqKyvTkiVLlJaWpksuucTvmAAGmcL8oJbPylMwPSCTFEwPaPmsPBXm8491\nJB625waSUEdLQu3Zs0cTJ05sd+y8efP0yCOPKCsrS3fccYdmzJjhU2oAAPqO1+25mbYBJJnWJaFa\n/3u0dUkoSSrMz1K8f1Dff//9/ZoRAIBExbQNIMmwJBQAAMeO8gwkGZaEAgDg2FGegSTT0dJPLAkF\nAEDXKM9AkikO5SiQmtJujCWhIMXfnv2qq65Senq60tPT9d3vftffgACQACjPQJJhSSh0JN727JMm\nTdKmTZu0ZMkS3X777Xr55Zd9TAgA/mOpOgBAO1OmTFFBQYEefPDBtrGKigqdffbZeuGFF/TZz37W\nv3AA0Ee8LlXHlWcAQKc++ugj3XjjjTrttNN07rnn+h0HAHzFOs8AgE5df/31euGFF7RlyxYNHTrU\n7zgA4CvKMwBAUsv27Lt27Wq3PfuvfvUr3XfffVq1apVOOOEEHTlyRCNGjPA7KgD4hjnPAJCE4m3R\nftaopo9tz56Zmak333yz7edf/vKXbStxAMBgwpxnAINOY2OjrrnmGp1wwgm64IILFA6H/Y40ILVu\n0R6ui8jpb1u0V76XKudcu8eePXva/UxxBpDsKM8ABoyHH35Ya9as0caNG3XgwAEtWrTI70gDElu0\nA8CxozwDGDBeeeUVZWZm6tOf/rQKCgr03HPP+R1pQGKLdgA4dpRnAAPGSSedpP379+vw4cP605/+\npPfee8/vSAMSW7QDwLGjPAMYMObPn6+xY8dq9OjR2rlzp4JBdkU8FmzRDgDHjqXqACSkeKtBfC4z\noDVr1ujtt9/WokWLNGPGDL9jDkitW7Ef/ftli3YA6BpL1QFIOK2rQcTe1BZITdF1U1J0y8I5amho\n0OWXX6577rmHNYcBAL3C61J1XHkGkHA6Wg3iiT8P1dtvv+1TKgAAmPMMIAGxGgQAIFFRngEkHFaD\nAAAkKsozgITDahAAgETFnGcACYfVIAAAiYryDCAhFeYHKcsAgITDtA0AAADAI8ozAAAA4BHlGQAA\nAAlp8+bNys7O1vDhwzV16lRVVlaquLhYJ554oj7xiU/oH/7hH/Thhx/2aybKMwAAABJSQ0ODli1b\nprKyMkUiES1ZskSjR4/WunXr9Itf/EKPPvqo1q5d26+ZuGEQAAAACSkUCrU9z83NVX19vRYvXixJ\nOuOMMyS1FOz+1OWVZzN7wMzeNrM/xIytNLMqM3vNzJ4ys/ToeJaZRcysMvq4J+Y955jZdjN7w8zu\nNDPrm68EAACAwWTr1q1av3695syZ0za2bNkyjR49WjNmzOjXLF6mbTwo6ehUGyVNcc5NlfQnSYtj\nXtvlnDsr+lgQM/5zSfMlnR599O83BQAAwICzY8cOzZw5U0VFRZo3b54kafny5brvvvv0xBNPaOzY\nsf2ap8vy7Jx7QdK7R41tcM61zs5+SVJGZ+cws09KGumc2+qcc5IellR4bJEBAACQDPbu3atQKKTc\n3FwtXbpUBw4c0P33368lS5Zo+fLlys7O1vvvv9+vmXrjhsF5ktbH/DzRzCrM7Ldm9tnoWFDSvphj\n9kXH4jKz+WZWbmblBw8e7IWIAAAASGQlFWFNW7FJExf9WtNWbFJJRVibNm1SOBzWiy++qKysLJ13\n3nlatWqVJOl73/ueJkyYoJ/85Cf9mrNHNwya2Q8kfSjpkejQfkmnOOcOmdk5kkrM7ExJ8eY3u47O\n65y7V9K9klRQUNDhcQAAABj4SirCWrx2uyJNzZKkcF1Ei9du1/JZF6tl0kLiOOYrz2ZWJGmmpDnR\nqRhyzjU45w5Fn2+TtEtStlquNMdO7ciQVHusnw0AAIDBY2VpdVtxbhVpatbK0mqfEnXsmMqzmc2Q\n9H1JlznnjsSMjzWzlOjzSWq5MXC3c26/pA/M7LzoKhvXSnq6x+kBAEgi4XBYeXl5MjPNnTtXkjR3\n7lyZWdvjwIED/oYEjkFtXaRb437yslTdo5K2Ssoxs31m9g1Jd0n6hKSNRy1J9zlJr5nZq5LWSFrg\nnGu92fAfJf2npDfUckU6dp40AADoQmpqqubPn6/MzMx241dccYVqampUU1OjcePG+ZQOOHbj0wPd\nGveTl9U2rnLOfdI5l+qcy3DO3e+cO805N+HoJemcc0865850zn3KOXe2c25dzHnKnXNTnHOnOudu\ncIk2gQUAgAQ3btw4LVy4UGlpae3Gf/3rX+vv/u7vtGLFCrGNAgai4lCOAqkp7cYCqSkqDuX4lKhj\nbM8NAMAANnv2bP32t7/VD37wA/3sZz/TunXrun4TkGAK84NaPitPwfSATFIwPaDls/JUmN/h4my+\nYXtuAAAGsC996UuSpHPOOUff+c53VFVVpcsuu8znVED3FeYHE7IsH43yDABAgimpCGtlabVq6yIa\nnx5QcShHhflBNTU1adeuXWpsbNThw4dVVVWlRx55RF/5yldUWVmp5uZmnXHGGX7HBwY1yjMAAAmk\no/VuJemsUU2aPHmyJGnnzp0qKSnR3LlzdeGFFyolJUXf/va3demll/qWHUgGluj37RUUFLjy8nK/\nYwAA0C+mrdikcJzluYLpAW1ZNN2HREByMLNtzrmCro7jhkEAABLIQFrvFkhGlGcAABLIQFrvFkhG\nlGcAABLIQFrvFkhG3DAIAEACaV2qK95qGwD8R3kGACDBDJT1boFkxLQNAAAAwCPKMwAAAOAR5RkA\nAADwiPIMAAAAeER5BgAAADyiPAMAAAAeUZ4BAAAAjyjPAAAAgEeUZwAAAMAjyjOAQa2yslITJkzQ\nsGHDNGXKFJWXl/sdCQAwgFGeAQxqo0aN0qpVq/S73/1Ohw4d0u233+53JADAADbE7wAA0JcyMzOV\nmZmpI0eOaMSIEcrJyfE7EgBgAOPKM4BB75ZbbtHIkSP1zjvvaPr06X7HAQAMYJRnAIPeggUL9PLL\nL+u0007Td7/7Xb/jAAAGMKZtABg0SirCWllardq6iManB1QcytGJf/mzhg4dqpEjR2rIkCEaOnSo\n3zEBAAMY5RnAoFBSEdbitdsVaWqWJIXrIlq8drsuHvK6Hr3rFtXX1ysvL0933HGHz0kBAAMZ5RnA\noLCytLqtOLeKNDVr2/Gf0sGDB31KBQAYbJjzDGBQqK2LdGscAIBjQXkGMCiMTw90axwAgGNBeQYw\nKBSHchRITWk3FkhNUXGIdZ0BAL2HOc8ABoXC/KAkfWy1jdZxAAB6A+UZwKBRmB+kLAMA+hTTNgAA\nAACPKM8AAACAR5RnAAAAwCPKMwAAAOAR5RkAAADwiPIMAAAAeER5BgAAADyiPAMAAAAeUZ4BAAAA\njyjPAAAAgEeUZwAAAMAjyjMAAADgEeUZAAAA8MhTeTazB8zsbTP7Q8zYaDPbaGY7o3+Oio6bmd1p\nZm+Y2WtmdnbMe4qix+80s6Le/zoAAABA3/F65flBSTOOGlsk6Tnn3OmSnov+LEmXSDo9+pgv6edS\nS9mWdKOkcyV9WtKNrYUbAAAAGAg8lWfn3AuS3j1q+HJJD0WfPySpMGb8YdfiJUnpZvZJSSFJG51z\n7zrn3pO0UR8v5AAAAEDC6smc55Occ/slKfrnuOh4UFJNzHH7omMdjQMAAAADQl/cMGhxxlwn4x8/\ngdl8Mys3s/KDBw/2ajgAAADgWPWkPL8VnY6h6J9vR8f3SZoQc1yGpNpOxj/GOXevc67AOVcwduzY\nHkQEAAAAek9PyvMzklpXzCiS9HTM+LXRVTfOk3Q4Oq2jVNIXzWxU9EbBL0bHAAAAgAHB61J1j0ra\nKinHzPaZ2TckrZB0sZntlHRx9GdJelbSbklvSLpP0j9JknPuXUn/Jqks+rg5OgYASALhcFh5eXky\nM82dO1eS9NRTTykrK0sjRozQjBkzVF9f729IAOiC19U2rnLOfdI5l+qcy3DO3e+cO+Sc+4Jz7vTo\nn+9Gj3XOueudc6c65/Kcc+Ux53nAOXda9PHLvvpSAIDEk5qaqvnz5yszM7Nt7MYbb9T48eP1+OOP\nq7S0VE888YSPCQGga+wwCADoF+PGjdPChQuVlpbWNpabm6uRI0fqtNNOkySNGDHCr3gA4AnlGQDg\nm6uvvlrPP/+8cnNzVVBQoK9+9at+RwKATlGeAQC+mTdvni666CL95je/0auvvqp7773X70gA0Kkh\nfgcAAAwuJRVhrSytVm1dROPTAyoO5agwP6impibt2rVLjY2NOnz4sKqqqnTcccdp6NChCgQCMjMd\nOHDA7/gA0ClzLu4+JQmjoKDAlZeXd30gAMB3JRVhLV67XZGm5raxQGqKls/K01mjmjRx4sR2xz/2\n2GMqLi7WwYMHVVBQoNWrV2v8+PH9HRsAZGbbnHMFXR3HlWcAQK9ZWVrdrjhLUqSpWStLq7Vl0XTF\nu2Bz5ZVX9lc8AOgx5jwDAHpNbV2kW+MAMNBQngEAvWZ8eqBb4wAw0FCeAQC9pjiUo0BqSruxQGqK\nikM5PiUCgN5FeQYw6MXbFlqSdu/erSFDhmjKlCn+hRtkCvODWj4rT8H0gExSMD2g5bPyVJgf9Dsa\nAPQKbhgEMOi1bgt92223tRu/5ZZblJKS0sG7cKwK84OUZQCDFleeAQx68baFfvPNN/Xss8/qsssu\n8zEZAGCgoTwDSEorVqzQDTfcoOOPP97vKACAAYTyDCDpvP3223rqqae0YMGCtnWHP/roI59TAQAG\nAuY8Axg0vG4LvXv3br311lsaM2ZM23tnz56tNWvW+JgeADAQsD03gEGhu9tCl5WVSZJ++MMf6vXX\nX9eGDRs0adKkfs0MAEgcbM8NIKkcy7bQkrRu3br+iAcAGCSY8wz0oXjrC5tZu8fDDz/sb8hBgm2h\nAQD9gfIM9KHW9YUzMzPbxmpqalRTU6M77rhDknT++ef7FW9QYVtoAEB/oDwDfSje+sIZGRnKyMjQ\nhg0bdP755zPPtpewLTQAoD8w5xnwwdtvv60NGzbo7rvv9jvKoNG6o1281TYAAOgtlGfAB48++qiG\nDBmi2bNn+x1lUGFbaABAX2PaBtCHmpqaVFVV1ba+cFVVlSRp1apVuuyyy3TCCSf4nBAAAHQHV56B\nXtDR5hzhcFiTJ0+WJO3cuVMlJSX64x//qG3btumHP/yhz6kBAEB3UZ6BHjp6c45wXUSL126XJBXm\nZ8VdXzjRNycCAADxMW0D6KHONucAAACDC+UZ6CE25wAAIHlQnoEeYnMOAACSB+UZ6CE25wAAIHlw\nwyDQQ2zOAQBA8qA8A72AzTkAAEgOTNsAAAAAPKI8AwAAAB5RngEAGCA2b96s7OxsDR8+XFOnTlVl\nZaUk6fDhwxo1apTS0tJ8TggMfpRnAAAGiIaGBi1btkxlZWWKRCJasmSJJOk//uM/dOTIEZ/TAcmB\nGwYBABggQqFQ2/Pc3FzV19ervr5ed999t66++mqtXr3ax3RAcuDKMwAAA8zWrVu1fv16zZkzRz/7\n2c80c+ZMTZgwwe9YQFLgyjMAAAPIjh07NHPmTBUVFemaa65RVlaWNm/erFWrVkmSmpublZKS0sVZ\nABwryjMAAAmmpCIcd+OlvXv3KhQKKTc3V0uXLtWhQ4dUW1ur7Ozstveee+65Ki8v9zE9MLhRngEA\nSCAlFWEtXrtdkaZmSVK4LqLFa7dLkupe3aRwOKxwOKysrCxlZGSorKxMknTvvffqv/7rv9quQAPo\nG+ac8ztDpwoKChz/ggYAJItpKzYpXBf52HgwPaAti6b7kAhIDma2zTlX0NVx3DAIAEACqY1TnDsb\nB9C/KM8AACSQ8emBbo0D6F+UZwAAEkhxKEeB1ParZQRSU1QcyvEpEYBY3DAIAEACKcwPSlLc1TYA\n+I/yDABAginMD1KWgQR1zNM2zCzHzCpjHu+b2XfM7CYzC8eMfynmPYvN7A0zqzazUGfnBwAAABLN\nMV95ds5VSzpLkswsRVJY0lOSvi7pdufcv8ceb2a5kr4m6UxJ4yX9xsyynXPNx5oBAAAA6E+9dcPg\nFyTtcs692ckxl0t6zDnX4Jz7s6Q3JH26lz4fAAAA6HO9VZ6/JunRmJ9vMLPXzOwBMxsVHQtKqok5\nZl90DAAAABgQelyezWyopMskPREd+rmkU9UypWO/pNtaD43z9rjbG5rZfDMrN7PygwcP9jQiAAAA\n0Ct648rzJZJecc69JUnOubecc83OuY8k3ae/Tc3YJ2lCzPsyJNXGO6Fz7l7nXIFzrmDs2LG9EBEA\nAADoud4oz1cpZsqGmX0y5rWvSPpD9Pkzkr5mZsPMbKKk0yW93AufDwAAAPSLHpVnMxsh6WJJa2OG\n/5+ZbTez1yRdKOlfJMk5t0PS45L+KOl/JF3PShtA18LhsPLy8mRmmjt3riTpm9/8ptLS0pSenq6F\nCxf6GxAAgCTSo/LsnDvinBvjnDscM3aNcy7POTfVOXeZc25/zGs/ds6d6pzLcc6t78lnA8kiNTVV\n8+fPV2ZmZtvY3//936usrEzf+ta3dNddd2nnzp0+JgQAIHn01mobAPrIuHHjtHDhQqWlpbWNzZgx\nQ5MnT9app56qUaNGady4cT4mBAAgebA9NzBAjRgxQpFIRLNnz25XrAEAQN/hyjMwQL366qu66667\n9Pjjj6u0tNTvOAAAJAWuPAMJoqQirJWl1aqti2h8ekDFoRwV5gfV1NSkXbt2qbGxUYcPH1ZVVZVe\nfvllfeYzn1EgEJAkDRs2zOf0AAAkB3Mu7j4lCaOgoMCVl5f7HQPoUyUVYS1eu12Rpr8tQBNITdHy\nWXk6a1STJk6c2O74qVOnqrq6WiNHjtS1116rlStXyizePkQAAMALM9vmnCvo6jiuPAMJYGVpdbvi\nLEmRpmatLK3WlkXTlej/yAUAIFkw5xlIALV1kW6NAwAAf1CegQQwPj3QrXEAAOAPyjOQAIpDOQqk\nprQbC6SmqDiU41MiAAAQD+UZSACF+UEtn5WnYHpAJimYHtDyWXkqzA/6HQ0A4LPS0lKdccYZGjFi\nhK677jq/4yQ9bhgEEkRhfpCyDABo59ChQ/rqV7+qK6+8UmvWrNH27dv9jpT0KM8AAAAJ6tlnn9Vf\n/vIX3XzzzQoGg5oyZYrfkZIe0zYAAAASVDgclpnpK1/5ijIyMnTPPff4HSnpUZ4BAAAS1KhRo+Sc\n09y5czVz5kzdcMMNqq+v9ztWUmPaBgAAgM9KKsJaWVqt2rqIxqcHVBzKUWF+UJ///OdlZho2bJiG\nDh2qlJQUpaSkdH1C9BnKMwAAgI9KKsJavHZ7206z4bqIFq9tuTGwMD9Ht912mxYvXqzU1FTdd999\nCgTYA8BPlujb/hYUFLjy8nK/YwAAAPSJaSs2KRxnR9lgekBbFk33IVFyMrNtzrmCro5jzjMAAICP\nauMU587G4S/KMwAAgI/Gp8efhtHROPxFeQYAAPBRcShHgdT2NwEGUlNUHMrxKRE6ww2DAAAAPmrd\nXTbeahtIPJRnAAAAnxXmBynLAwTTNuBJOBxWXl6ezExz586VJB05ckRFRUVKT09XMBjU9u3b/Q0J\nAADQx7jyDE9SU1M1f/583XbbbW1jP/zhD/X000/rqaee0l/+8hcNGzbMx4QAAAB9j/IMT8aNG6eF\nCxfqF7/4RdvYmjVrdMUVV+jCCy/0MRkAAED/YdoGjlk4HNaWLVt08skn6wtf+IIOHDjgdyQAAIA+\nRXnGMRs1apSGDh2qJ554Qr///e91++23+x0JAACgTzFtA+2UVITjLpXT1NSkXbt2qbGxUYcPH1ZV\nVZWmT5+uqqoqDR8+XGbGnGcAADDomXPO7wydKigocOXl5X7HSAolFWEtXrtdkabmtrFAaoqWz8rT\nWaOaNHHixHbH19TU6KqrrlJFRYWmTZumRx99VKNHj+7v2AAAAD1mZtuccwVdHceVZ7RZWVrdrjhL\nUqSpWStLq7Vl0XTF+4fW7373u/6KBwAA4DvmPKNNbV2kW+MAAADJhvKMNuPTA90aB9C5eJsLvf76\n68rPz9eYMWO0dOlSfwMCALqN8ow2xaEcBVJT2o0FUlNUHMrxKREwsLVuLpSZmdk2dt1112nixIla\nvXq1fvzjH+uFF17wMSEAoLsoz2hTmB/U8ll5CqYHZJKC6QEtn5Wnwvyg39GAAal1c6G0tDRJUmNj\no1588UVdeumluuiii5SRkaENGzb4nBIA0B3cMIh2CvODlGWgjxw6dEjOOR1//PGSpLS0NB08eNDn\nVACA7uDKMwD0kzFjxkiS6uvrJUkffPCBxo4d62ckAEA3ceUZAHpBvA2GvjxlXLvNhXbv3q3zzz9f\nzzzzjDIyMhQOh3XRRRf5HR0A0A1skgIAPdTRBkP/cl66rpv5f9od+4c//EFz5szR3r17dd1112n5\n8uX9HRcAEAebpABAP+log6GHth+Ju7lQZWVlf0UDAPQy5jwDQA+xwRAAJA/KMwD0EBsMAUDyoDwD\nQA+xwRAAJA/KM5AANm/erOzsbA0fPlxTp05VZWWlHnjgAY0dO1Zmps2bN/sdEZ1ggyEASB6UZyAB\nNDQ0aNmyZSorK1MkEtGSJUsUDAb17W9/2+9o8KgwP6gti6brzyu+rC2LplOcAWCQYrUNIAGEQqG2\n57m5uaqvr1coFNKYMWO0bNkyH5MBAIBYXHkGEsjWrVu1fv16zZkzx+8oAAAgjh6XZzPbY2bbzazS\nzMqjY6PNbKOZ7Yz+OSo6bmZ2p5m9YWavmdnZPf18YLDYsWOHZs6cqaKiIs2bN8/vOAAAII7euvJ8\noXPurP/f3r3GyFXWcRz//gJiUDEtoRLk0haDJH2ltSE1jYZ4oUCMqIkGY2RBEtRoIjEaihIVfVMh\n+sI3KEYCJIBgtNooKg14icYq5aKAgBQolW1pRW4mEA3498U8a4eys5xhp8zu9vtJJnP22TNnn/n1\nOZN/5zznnL67sqwDbqyq44Ab288ApwDHtcc5wCUj+vvSvPDj2yZZs/4mlq/7GWvW38SPb5sEYPv2\n7axdu5YVK1ZwwQUX8Mgjj/Doo4/y0EMP/f/3O3fuHGfXJUkS+27O82nAiW35CuDXwHmt/crq3XJr\nc5JFSY6oKqsCLXh738J58olnOP9HdwDwxJ9vYnJyksnJSZYtW8bSpUs588wzufDCCwGYmJhgYmKC\nyy+/fFzdlyRJQKa7dexQG0geBB4HCvhOVV2a5ImqWtS3zuNVtTjJT4H1VfW71n4jcF5VbRm0/VWr\nVtWWLQN/Lc0ba9bfxOQ0d5w7ctHB/H7dO8bQI0mSNCXJLX2zKAYaxTfPa6pqR5LXAZuS3DNTv6Zp\ne0H1nuQcetM6OOaYY0bQRWn8vIWzJEnz36znPFfVjva8G9gAnADsSnIEQHve3VZ/GDi67+VHATum\n2ealVbWqqlYtWbJktl2U5gRv4SxJ0vw3q+I5yauTHDK1DJwE3AlsBCbaahPAT9ryRuCMdtWN1cCT\nznfW/sJbOEuSNP/NdtrG4cCGJFPburqqfpHkZuC6JGcD24EPtvWvB04FtgJPA2fN8u9L88bUHecu\n/uW97HjiGV6/6GA+v/Z470QnSdI8MusTBvc1TxiUJEnSvtb1hEHvMChJkiR1ZPEsSZIkdWTxLEmS\nJHVk8SxJkiR1ZPEsSZIkdWTxLEmSJHVk8SxJkiR1ZPEsSZIkdWTxLEmSJHVk8SxJkiR1ZPEsSZIk\ndWTxLEmSJHVk8SxJkiR1ZPEsSZIkdWTxLEmSJHWUqhp3H2aU5B/AQ7PYxGHAoyPqjnrMdPTMdLTM\nc/TMdLTMc/TMdLT2xzyXVtWSF1tpzhfPs5VkS1WtGnc/FhIzHT0zHS3zHD0zHS3zHD0zHS3zHMxp\nG5IkSVJHFs+SJElSR/tD8XzpuDuwAJnp6JnpaJnn6JnpaJnn6JnpaJnnAAt+zrMkSZI0KvvDN8+S\nJEnSSCzo4jnJyUnuTbI1ybpx92c+SHJ0kl8luTvJXUk+09q/kmQyye3tcWrfa85vGd+bZO34ej93\nJdmW5I6W3ZbWdmiSTUnua8+LW3uSfKtl+pckK8fb+7klyfF94/D2JE8lOdcxOpwklyXZneTOvrah\nx2SSibb+fUkmxvFe5ooBmV6c5J6W24Yki1r7siTP9I3Xb/e95i3t82Jryz3jeD/jNiDPofdza4E9\nBmR6bV+e25Lc3todo4NU1YJ8AAcA9wPHAgcBfwZWjLtfc/0BHAGsbMuHAH8DVgBfAT43zforWrav\nBJa3zA8Y9/uYaw9gG3DYXm0XAeva8jrg6235VODnQIDVwB/H3f+5+mj7+SPAUsfo0Nm9HVgJ3NnX\nNtSYBA4FHmjPi9vy4nG/tzmW6UnAgW35632ZLutfb6/t/Al4a8v758Ap435vcyjPofZza4EXz3Sv\n338D+FJbdowOeCzkb55PALZW1QNV9R/g+8BpY+7TnFdVO6vq1rb8L+Bu4MgZXnIa8P2q+ndVPQhs\npZe9XtxpwBVt+QrgfX3tV1bPZmBRkiPG0cF54J3A/VU1042UHKPTqKrfAo/t1TzsmFwLbKqqx6rq\ncWATcPK+7/3cNF2mVXVDVT3bftwMHDXTNlqur62qP1SvSrmSPf8O+5UBY3SQQfu5tUCfmTJt3x5/\nCLhmpm04Rhf2tI0jgb/3/fwwMxeB2kuSZcCbgT+2pk+3Q4+XTR3OxZy7KuCGJLckOae1HV5VO6H3\nnxbgda3dTLs7ned/0NuQMxsAAALiSURBVDtGZ2fYMWm2w/kYvW/ppixPcluS3yR5W2s7kl6OU8z0\nhYbZzx2j3b0N2FVV9/W1OUansZCL5+nm33hpkY6SvAb4IXBuVT0FXAK8AXgTsJPeoR0w567WVNVK\n4